0 1887 kc_houses_env_var id
4131500190 0921049141         7151.86687
4131500190 6093900280         5922.85713
4131500190 1321400650         5650.12915
4131500190 3260700360         4719.97824
4131500190 1321400060         5724.35918
4131500190 2412600070         567.760596
4131500190 2412600030         839.970977
4131500190 4131500140         271.181524
4131500190 7978800621         948.396421
4131500190 1502400140         4843.87093
7174800094 9106000005         3464.02686
7174800094 3589500260         3399.66986
7174800094 6746700605         2848.27817
7174800094 8827901060          3044.2405
7174800094 1868901190         3172.55728
7174800094 7174800760         683.900082
7174800094 8823902005         1320.15126
7174800094 6746701090         2772.63064
7174800094 2218000390         1167.25055
7174800094 9191200435         2292.42991
8964800330 0250000010         6039.87903
8964800330 2025059026         5814.75564
8964800330 2210500019         4709.78785
8964800330 0251620090         5610.84178
8964800330 8146300205         5759.20887
8964800330 8907500070         3411.85177
8964800330 5536100010         874.455966
8964800330 4348800030         3536.57613
8964800330 3025059093         4176.68257
8964800330 2925059135         3576.11438
8823902005 2862100205         3027.86905
8823902005 2862100260         2882.37124
8823902005 2862100366         2737.47197
8823902005 2218000390         2052.36197
8823902005 3589500260         2757.98984
8823902005 7174800760         1968.38248
8823902005 8812401450          2470.8755
8823902005 7174800094         1320.15126
8823902005 6746701090         1482.52246
8823902005 6746700605         2001.80921
5402100045 6138000095         4890.60168
5402100045 7468900235         4703.05563
5402100045 7335400065         4248.52299
5402100045 2100200020         2776.40892
5402100045 7468900245         4563.53698
5402100045 1202000200         4181.25973
5402100045 0492000532          1539.5898
5402100045 4463400195          1790.9788
5402100045 0492000475         1978.73181
5402100045 3141600600         4272.02858
0492000532 0016000200         4713.77037
0492000532 7116000350         4602.24655
0492000532 6138000095         3356.87157
0492000532 7335400065         3299.56864
0492000532 3339900096         4280.47281
0492000532 5402100045          1539.5898
0492000532 4463400195         3014.59823
0492000532 0492000475         497.510514
0492000532 2100200020         1541.66253
0492000532 1202000200         3521.22273
4131500140 7875200005         7087.13976
4131500140 6093900280         5670.16988
4131500140 1321400650         5382.31946
4131500140 3260700360         4452.30325
4131500140 1321400060         5453.19751
4131500140 2412600070         638.160123
4131500140 4131500190         271.181524
4131500140 2412600030         852.395438
4131500140 7978800621         874.885935
4131500140 1502400140         4583.81061
0492000475 7116000350         4297.29473
0492000475 0016000200         4217.45371
0492000475 4463400195         3510.58542
0492000475 7335400065         2878.19398
0492000475 3339900096         3837.08001
0492000475 5402100045         1978.73181
0492000475 6138000095          2981.5271
0492000475 0492000532         497.510514
0492000475 2100200020         1084.60371
0492000475 1202000200         3178.12918
6848200475 2663000345          2537.8073
6848200475 6003500743         2308.10276
6848200475 6852700279         1490.85636
6848200475 2163900081         1840.42228
6848200475 6003500995         1818.93208
6848200475 6848200221         269.798881
6848200475 6848200018         1004.81141
6848200475 6848200325         874.453202
6848200475 6850700670         539.596462
6848200475 9831200159         1505.65488
0006200017 3603000410         9657.47462
0006200017 0422049178         8958.30859
0006200017 2500600289         5233.43196
0006200017 8075400570         5914.17764
0006200017 8857600780         7671.46554
0006200017 2500600297         4996.46839
0006200017 1312930250         4332.10233
0006200017 7247000035         3843.03612
0006200017 8075400100         5305.89355
0006200017 5083000375         6215.02484
2412600070 0921049141            6584.18
2412600070 1321400650         5784.79539
2412600070 1502400140         4739.71819
2412600070 3260700360         4686.36151
2412600070 1321400060         5766.59561
2412600070 4131500190         567.760596
2412600070 2412600030         291.814273
2412600070 4131500140         638.160123
2412600070 7978800621         503.150167
2412600070 6093900280         5766.07809
6848200325 1336300445         2669.07692
6848200325 6003500995         2564.72946
6848200325 6852700279         1846.87963
6848200325 2163900081         1101.45148
6848200325 2663000345         2221.45733
6848200325 6848200221         729.530571
6848200325 6850700670         965.322384
6848200325 6848200475         874.453202
6848200325 6848200018         249.282965
6848200325 9831200159         942.287054
6848200221 2663000345         2637.69574
6848200221 6003500743         2566.49839
6848200221 6852700279         1727.80411
6848200221 2163900081         1783.92818
6848200221 6003500995         2083.90246
6848200221 6848200018         804.723974
6848200221 6848200475         269.798881
6848200221 6848200325         729.530571
6848200221 6850700670          747.87562
6848200221 9831200159         1507.21086
7978800621 0921049141         6319.81697
7978800621 1321400650         5482.18745
7978800621 1502400140         4298.92983
7978800621 3260700360         4281.78059
7978800621 1321400060         5400.84412
7978800621 2412600070         503.150167
7978800621 4131500190         948.396421
7978800621 2412600030         287.833307
7978800621 4131500140         874.885935
7978800621 6093900280         5300.12038
7174800760 6746701090          3373.4327
7174800760 3423600065         3365.07157
7174800760 1868901190         2511.49299
7174800760 8827901060         2397.72846
7174800760 6746700605         3228.19909
7174800760 8823902005         1968.38248
7174800760 2218000390         850.393003
7174800760 9191200435         1635.61619
7174800760 7174800094         683.900082
7174800760 9106000005         2954.60339
4463400195 1202000200         5968.95168
4463400195 9264000010         5828.57035
4463400195 8961950250         3857.03696
4463400195 9264030040          5520.6916
4463400195 9262800294         5715.60438
4463400195 5402100045          1790.9788
4463400195 0492000475         3510.58542
4463400195 0492000532         3014.59823
4463400195 2100200020           4466.246
4463400195 3141600600         5559.54052
2412600030 0921049141         6325.26177
2412600030 1321400650         5744.12782
2412600030 1502400140         4586.75618
2412600030 3260700360         4566.69356
2412600030 1321400060         5679.13654
2412600030 2412600070         291.814273
2412600030 4131500190         839.970977
2412600030 4131500140         852.395438
2412600030 7978800621         287.833307
2412600030 6093900280         5586.01994
6746701090 3589500260         2274.93111
6746701090 1890000170         2055.91859
6746701090 1890000250         2267.88077
6746701090 2862100260         1883.44379
6746701090 2862100205         1909.64443
6746701090 8812401450         988.353035
6746701090 1890000225         2236.85697
6746701090 8823902005         1482.52246
6746701090 2862100366         1866.97424
6746701090 6746700605         1459.06312
6848200018 1336300445         2885.78451
6848200018 6003500995         2762.20942
6848200018 6852700279         2091.02653
6848200018 2163900081         1202.79589
6848200018 2663000345         2428.04959
6848200018 6848200221         804.723974
6848200018 6850700670         1184.95113
6848200018 6848200475         1004.81141
6848200018 6848200325         249.282965
6848200018 9831200159         1127.97354
1312930250 8643200020         6373.58211
1312930250 8075400100         6163.43247
1312930250 6052401631         5983.72725
1312930250 8159300040         5700.83256
1312930250 8075400570         6063.64362
1312930250 2500600289         1886.05831
1312930250 7247000035         496.620857
1312930250 5083000375         2326.54934
1312930250 2500600297         1835.04828
1312930250 0006200017         4332.10233
7247000035 0422049178         6712.20413
7247000035 6052401631         6472.13996
7247000035 8075400570         5966.28465
7247000035 0006200017         3843.03612
7247000035 8159300040         6166.10947
7247000035 2500600289         2160.57231
7247000035 5083000375         2651.32458
7247000035 2500600297         2056.11704
7247000035 1312930250         496.620857
7247000035 8075400100         5987.13843
6850700670 6003500743         2141.51491
6850700670 2663000345         2052.94792
6850700670 6848200018         1184.95113
6850700670 6003500995         1613.38838
6850700670 2163900081         1623.80125
6850700670 6848200221          747.87562
6850700670 6852700279         987.107499
6850700670 6848200475         539.596462
6850700670 6848200325         965.322384
6850700670 9831200159         1203.72547
1453602284 3992700048         3219.37111
1453602284 8820900029         2789.81706
1453602284 3834000400         2528.89606
1453602284 8820901275         2267.60322
1453602284 3448000410         2708.95317
1453602284 1454100010          1300.1923
1453602284 3834000720         2030.31628
1453602284 9421500160         1976.16198
1453602284 8822900122         1731.98371
1453602284 8822901024         2500.07664
3834000720 8822900122         3757.41345
3834000720 4036400110         3684.14638
3834000720 9421500160         2075.50435
3834000720 1568100670         3151.72943
3834000720 2744600040         3129.52131
3834000720 3834000400          599.95151
3834000720 1454100010         735.459256
3834000720 1453602284         2030.31628
3834000720 7351200050         2040.89618
3834000720 1568100300         3044.78465
7351200050 8820900029         4384.11575
7351200050 2744600040         4266.82791
7351200050 1453602284         3780.84044
7351200050 1568100670         3152.07269
7351200050 9421500160           4085.773
7351200050 3834000720         2040.89618
7351200050 4036400110          3110.3837
7351200050 3834000400         2043.40984
7351200050 1454100010         2659.14489
7351200050 1568100300         3562.93443
1454100010 1568100300         3574.33379
1454100010 2744600040         3435.61086
1454100010 8820901275         3400.51931
1454100010 8822900122         3031.32634
1454100010 8820900029         3408.00519
1454100010 3834000400         1240.20731
1454100010 9421500160         1723.21699
1454100010 1453602284          1300.1923
1454100010 3834000720         735.459256
1454100010 7351200050         2659.14489
3834000400 8822900122         4259.83266
3834000400 4036400110         3146.63326
3834000400 1454100010         1240.20731
3834000400 1568100670         2564.56231
3834000400 2744600040         2612.82382
3834000400 3834000720          599.95151
3834000400 9421500160         2101.64681
3834000400 1453602284         2528.89606
3834000400 7351200050         2043.40984
3834000400 1568100300         2447.44023
5667100025 2926049086           4492.333
5667100025 8901001185         4416.29437
5667100025 1133000542         2940.18028
5667100025 6412600005         2463.90737
5667100025 2826049160         3075.81274
5667100025 2826049108         2906.98873
5667100025 9259900025         910.568148
5667100025 1787600190         2346.76598
5667100025 5272200040         2129.91909
5667100025 1133000671          3054.0297
1133000542 3739500096         4368.54151
1133000542 1787600190         4235.34509
1133000542 3448000410         3817.59496
1133000542 2826049160         3427.86421
1133000542 9259900025         3202.29961
1133000542 2744600040         3761.88014
1133000542 9421500160         2964.45832
1133000542 2826049108         3031.32716
1133000542 1133000671         470.713283
1133000542 5667100025         2940.18028
1133000671 3448000410         4283.56479
1133000671 1787600190         4077.57747
1133000671 3739500096         4008.06354
1133000671 2826049160         3864.77332
1133000671 9259900025         3434.26933
1133000671 2744600040         3647.08998
1133000671 1133000542         470.713283
1133000671 2826049108         3471.76687
1133000671 5667100025          3054.0297
1133000671 9421500160         3202.85279
9421500160 1568100300         3355.67153
9421500160 8822900122         3268.14058
9421500160 2744600040         2636.20201
9421500160 3448000410         3211.42545
9421500160 1133000671         3202.85279
9421500160 1454100010         1723.21699
9421500160 3834000400         2101.64681
9421500160 3834000720         2075.50435
9421500160 1453602284         1976.16198
9421500160 1133000542         2964.45832
2744600040 1133000671         3647.08998
2744600040 1454100010         3435.61086
2744600040 3995700325         2833.59927
2744600040 4036400110         3020.06625
2744600040 3834000720         3129.52131
2744600040 9421500160         2636.20201
2744600040 1568100670         2060.53633
2744600040 3834000400         2612.82382
2744600040 1568100300         1225.19641
2744600040 3739500096         2472.25463
6415100350 6412600005         3650.17568
6415100350 2634500050         3642.88561
6415100350 4408100095         2206.35222
6415100350 6149700315         2709.32361
6415100350 2881700522         2833.61204
6415100350 6150700169         1483.80803
6415100350 6150700394         1974.22162
6415100350 7655900038         2169.94451
6415100350 6450303235         1885.30966
6415100350 1787600190         2510.83703
6150700169 0164000271         3939.16916
6150700169 1787600190         3391.46059
6150700169 7655900038         1948.86472
6150700169 2881700522         2974.72347
6150700169 4408100095         3139.47922
6150700169 6149700315         1256.72315
6150700169 6150700394         492.207533
6150700169 6415100350         1483.80803
6150700169 6450303235          944.54078
6150700169 2827100070         3107.07337
6450303235 2634500050         3976.19051
6450303235 0164000271         3777.67656
6450303235 2881700522         2201.99039
6450303235 6415100350         1885.30966
6450303235 4408100095         2789.28223
6450303235 6149700315         1183.26295
6450303235 6150700169          944.54078
6450303235 6150700394          944.54078
6450303235 7655900038         1133.74716
6450303235 2827100070         2423.87606
6150700394 1787600190         3795.98967
6150700394 4408100095         3504.10155
6150700394 7655900038         2069.43488
6150700394 2827100070         2733.80851
6150700394 0164000271         3447.18013
6150700394 6149700315         781.212597
6150700394 6150700169         492.207533
6150700394 6415100350         1974.22162
6150700394 6450303235          944.54078
6150700394 2881700522         3133.35368
6149700315 4408100095         3968.56041
6149700315 0748000145         3743.16769
6149700315 6415100350         2709.32361
6149700315 7655900038         2235.08493
6149700315 2881700522         3282.25816
6149700315 6150700169         1256.72315
6149700315 6150700394         781.212597
6149700315 2827100070         2051.43044
6149700315 6450303235         1183.26295
6149700315 0164000271         2711.04451
5151200290 3616600250         3987.12029
5151200290 7640400190         3742.12877
5151200290 9158100116         2904.13446
5151200290 9441300030         2188.60101
5151200290 2827100070         3433.11841
5151200290 0748000145         880.042504
5151200290 1980200384         1157.24683
5151200290 0164000271         1477.06312
5151200290 3374900035         729.533752
5151200290 0923000425          2040.5383
1980200384 1326039039         4131.39141
1980200384 1826049442         3935.12415
1980200384 9158100116         4060.62337
1980200384 9441300030         3328.48961
1980200384 2827100070         3258.62663
1980200384 0748000145         840.260733
1980200384 5151200290         1157.24683
1980200384 0164000271         2080.87751
1980200384 3374900035         1876.51878
1980200384 0923000425         3010.08739
3374900035 2827100070         3856.61918
3374900035 3616600250         3674.58815
3374900035 9158100116         2206.38799
3374900035 0164000271         1631.19496
3374900035 7640400190         3344.11435
3374900035 0748000145         1539.85153
3374900035 1980200384         1876.51878
3374900035 5151200290         729.533752
3374900035 9441300030         1459.06725
3374900035 0923000425         1445.05296
0748000145 1826049442         4115.65841
0748000145 6149700315         3743.16769
0748000145 9158100116         3546.78773
0748000145 9441300030         2959.35705
0748000145 0923000425         2918.08922
0748000145 1980200384         840.260733
0748000145 5151200290         880.042504
0748000145 0164000271         1247.31502
0748000145 3374900035         1539.85153
0748000145 2827100070         2664.38935
0164000271 6150700394         3447.18013
0164000271 0923000425         3020.39403
0164000271 6149700315         2711.04451
0164000271 9441300030         2610.03371
0164000271 9158100116         2868.87156
0164000271 0748000145         1247.31502
0164000271 1980200384         2080.87751
0164000271 5151200290         1477.06312
0164000271 3374900035         1631.19496
0164000271 2827100070         2318.36841
9158100116 7640400190         3727.17607
9158100116 6140100150         3146.63639
9158100116 0748000145         3546.78773
9158100116 0164000271         2868.87156
9158100116 5151200290         2904.13446
9158100116 0923000425         2002.90045
9158100116 3918400028         2589.84334
9158100116 9441300030         964.244443
9158100116 0930000415         2869.52134
9158100116 3374900035         2206.38799
6140100150 3654200037         3608.46567
6140100150 6145600900         3462.38168
6140100150 6145600041         3067.34189
6140100150 8911000445         2383.73002
6140100150 9158100116         3146.63639
6140100150 2291401425         2580.30049
6140100150 0930000415         2790.05107
6140100150 3918400028           599.9795
6140100150 1139000072         2129.92206
6140100150 7611200195         2954.37192
2291401425 2917200085         2736.50427
2291401425 6300500875         2659.80042
2291401425 3654200037         2451.26586
2291401425 6145602240         2347.08558
2291401425 3126049217         2625.57666
2291401425 1139000072         1723.44636
2291401425 6145600900         1300.55766
2291401425 6145600041         1342.20745
2291401425 8911000445         1257.24289
2291401425 6140100150         2580.30049
9441300030 1980200384         3328.48961
9441300030 3918400028         3293.79298
9441300030 5151200290         2188.60101
9441300030 7640400190         2955.59875
9441300030 0748000145         2959.35705
9441300030 0923000425         1063.13586
9441300030 9158100116         964.244443
9441300030 3374900035         1459.06725
9441300030 0164000271         2610.03371
9441300030 0930000415         2855.51987
3918400028 0923000425         4001.19505
3918400028 9441300030         3293.79298
3918400028 6145600041         3650.21547
3918400028 8911000445         2959.38091
3918400028 2291401425         3171.80242
3918400028 9158100116         2589.84334
3918400028 0930000415         2344.18994
3918400028 6140100150           599.9795
3918400028 1139000072         2662.79566
3918400028 7611200195         2755.66056
0930000415 3374900035         4173.06119
0930000415 1139000072         4082.38322
0930000415 9158100116         2869.52134
0930000415 6140100150         2790.05107
0930000415 3616600250          3282.5523
0930000415 9441300030         2855.51987
0930000415 7611200195         1368.32714
0930000415 3918400028         2344.18994
0930000415 7640400190         2762.44477
0930000415 0923000425          2887.4553
7611200195 3616600250         4173.09571
7611200195 9158100116         4116.44002
7611200195 7586200061         4067.31705
7611200195 6140100150         2954.37192
7611200195 8911000445         4004.90006
7611200195 0930000415         1368.32714
7611200195 1139000072         3459.12412
7611200195 3918400028         2755.66056
7611200195 0868000305         3100.05928
7611200195 7640400190         3743.01635
0923000425 0164000271         3020.39403
0923000425 1980200384         3010.08739
0923000425 0748000145         2918.08922
0923000425 7640400190         2034.17206
0923000425 0930000415          2887.4553
0923000425 5151200290          2040.5383
0923000425 9158100116         2002.90045
0923000425 9441300030         1063.13586
0923000425 3374900035         1445.05296
0923000425 3616600250         2470.97673
3616600250 0748000145         4794.82122
3616600250 1980200384         4480.72398
3616600250 7611200195         4173.09571
3616600250 9158100116         4260.52193
3616600250 5151200290         3987.12029
3616600250 0923000425         2470.97673
3616600250 0930000415          3282.5523
3616600250 7640400190         572.254014
3616600250 9441300030         3450.63106
3616600250 3374900035         3674.58815
7640400190 0748000145         4586.73018
7640400190 1980200384         4368.71621
7640400190 7611200195         3743.01635
7640400190 9158100116         3727.17607
7640400190 5151200290         3742.12877
7640400190 0923000425         2034.17206
7640400190 0930000415         2762.44477
7640400190 9441300030         2955.59875
7640400190 3616600250         572.254014
7640400190 3374900035         3344.11435
9325800005 6150700169          4403.0805
9325800005 6150700394         4347.69712
9325800005 2291401425         4205.67174
9325800005 3918400028         4042.84738
9325800005 9158100116         4280.92755
9325800005 6412600005         3091.41189
9325800005 2926049086         2709.09615
9325800005 2926049437         2535.78197
9325800005 6140100150         3970.36039
9325800005 1787600190         4141.99095
6412600005 6150700394         4368.82876
6412600005 6415100350         3650.17568
6412600005 6150700169         4082.10039
6412600005 9325800005         3091.41189
6412600005 2926049437         3033.18073
6412600005 2926049086         2941.90493
6412600005 1787600190         1470.93478
6412600005 5667100025         2463.90737
6412600005 5272200040         2988.83476
6412600005 9259900025         3025.92386
9259900025 8901001335         4034.78991
9259900025 8901001185          3520.6331
9259900025 1133000671         3434.26933
9259900025 1787600190         3198.63462
9259900025 1133000542         3202.29961
9259900025 2826049108         2234.56473
9259900025 6412600005         3025.92386
9259900025 5667100025         910.568148
9259900025 5272200040         1538.47208
9259900025 2826049160         2321.32633
5272200040 8901001335         3817.50498
5272200040 2926049437         3530.61044
5272200040 1787600190         3804.84712
5272200040 2826049108         3137.70079
5272200040 8901001185         3406.58479
5272200040 5667100025         2129.91909
5272200040 2926049086         3290.72857
5272200040 6412600005         2988.83476
5272200040 9259900025         1538.47208
5272200040 2826049160         3026.12926
1787600190 6450303235         4177.54799
1787600190 1133000671         4077.57747
1787600190 9325800005         4141.99095
1787600190 6150700394         3795.98967
1787600190 5272200040         3804.84712
1787600190 5667100025         2346.76598
1787600190 6150700169         3391.46059
1787600190 6415100350         2510.83703
1787600190 6412600005         1470.93478
1787600190 9259900025         3198.63462
3448000410 8901001335           3141.172
3448000410 8820901275         2959.55564
3448000410 3992700326         3058.80017
3448000410 2826049160         2025.58972
3448000410 8901001185         2872.35705
3448000410 8822900122         1729.27763
3448000410 1453602284         2708.95317
3448000410 8822901024         1077.55961
3448000410 2826049108         1970.63221
3448000410 3992700048         2594.23025
8822900122 0751000060         2892.15215
8822900122 8820900029         2737.27495
8822900122 1453602284         1731.98371
8822900122 3992700326         1851.96112
8822900122 8820902700         2679.30861
8822900122 3448000410         1729.27763
8822900122 8820901275         1273.82972
8822900122 3992700048         1574.49771
8822900122 8822901024         941.265004
8822900122 8820903370         2081.28626
8822901024 2826049160         2954.21267
8822901024 0751000080         2702.66881
8822901024 1453602284         2500.07664
8822901024 3992700048         1531.86147
8822901024 8820903370         2529.93011
8822901024 3992700326         1984.79101
8822901024 8822900122         941.265004
8822901024 3448000410         1077.55961
8822901024 8820901275         1985.79403
8822901024 0751000060         2500.12297
2826049108 8902000267         3268.21867
2826049108 5272200040         3137.70079
2826049108 1133000542         3031.32716
2826049108 5667100025         2906.98873
2826049108 8901001335         2743.80895
2826049108 9259900025         2234.56473
2826049108 8822901024         2976.39242
2826049108 3448000410         1970.63221
2826049108 2826049160         401.243297
2826049108 8901001185         2238.65275
2826049160 1133000542         3427.86421
2826049160 5667100025         3075.81274
2826049160 8822901024         2954.21267
2826049160 8901001335         2350.18271
2826049160 5272200040         3026.12926
2826049160 8901001185          1840.3722
2826049160 8902000267         2900.46604
2826049160 2826049108         401.243297
2826049160 3448000410         2025.58972
2826049160 9259900025         2321.32633
8820901275 0751000060           2736.666
8820901275 8820902350         2126.56479
8820901275 1453602284         2267.60322
8820901275 8820900029         1647.29546
8820901275 8822901024         1985.79403
8820901275 3992700048         1381.25862
8820901275 3992700326         1264.40175
8820901275 8822900122         1273.82972
8820901275 8820903370           972.7554
8820901275 8820902700         1430.79389
8820903370 8822901024         2529.93011
8820903370 0751000080         2432.97512
8820903370 8820902350         1477.48673
8820903370 8820900029          1851.9501
8820903370 0751000060         2262.96598
8820903370 3992700326         840.486685
8820903370 8820901275           972.7554
8820903370 3992700048         1273.90298
8820903370 8820902700         746.580167
8820903370 8822900122         2081.28626
3992700048 8820902350         2732.38072
3992700048 3448000410         2594.23025
3992700048 8820902700         2017.45282
3992700048 8822900122         1574.49771
3992700048 8822901024         1531.86147
3992700048 0751000080         1623.74441
3992700048 0751000060         1407.80556
3992700048 3992700326         497.730895
3992700048 8820903370         1273.90298
3992700048 8820901275         1381.25862
4077800412 8820902700         2954.60883
4077800412 8820903370         2939.47866
4077800412 0751000080         2396.14709
4077800412 4073200757          2709.3849
4077800412 3992700326         2855.66732
4077800412 9455200329          1612.4183
4077800412 4077800017          1378.3909
4077800412 9455200445         2234.92984
4077800412 0751000060         2487.67514
4077800412 0130000175         2607.02915
3992700326 8820900029         2617.08755
3992700326 8820902350         2258.40315
3992700326 8822900122         1851.96112
3992700326 8820902700         1562.83763
3992700326 8822901024         1984.79101
3992700326 0751000080         1700.75305
3992700326 0751000060         1506.60514
3992700326 3992700048         497.730895
3992700326 8820903370         840.486685
3992700326 8820901275         1264.40175
4073200757 2568800290         5189.35034
4073200757 0751000060         5144.53592
4073200757 8820902350          4899.1454
4073200757 9455200445         2958.42091
4073200757 0751000080         5020.46759
4073200757 4077800412          2709.3849
4073200757 9455200329         3011.85142
4073200757 4077800017         2588.05942
4073200757 3426049031         3067.35782
4073200757 0130000175           3230.869
8820902700 4077800412         2954.60883
8820902700 0751000060         2869.75145
8820902700 3992700326         1562.83763
8820902700 4077800017         2639.15043
8820902700 8822900122         2679.30861
8820902700 8820900029         1479.68611
8820902700 8820902350         742.110613
8820902700 8820903370         746.580167
8820902700 8820901275         1430.79389
8820902700 3992700048         2017.45282
8820902350 0751000060         3434.08132
8820902350 8822900122         3394.05302
8820902350 4077800412         2974.79907
8820902350 4077800017          2314.5307
8820902350 3992700048         2732.38072
8820902350 8820901275         2126.56479
8820902350 8820900029         1609.18268
8820902350 8820903370         1477.48673
8820902350 8820902700         742.110613
8820902350 3992700326         2258.40315
8820900029 8822901024         3584.19323
8820900029 1454100010         3408.00519
8820900029 8822900122         2737.27495
8820900029 3992700326         2617.08755
8820900029 3992700048         2916.53375
8820900029 8820903370          1851.9501
8820900029 8820902700         1479.68611
8820900029 8820901275         1647.29546
8820900029 8820902350         1609.18268
8820900029 1453602284         2789.81706
4077800017 0751000060         3484.40507
4077800017 0751000080          3459.1305
4077800017 9455200329         2916.87011
4077800017 9455200445         3436.28759
4077800017 3992700326         3264.98374
4077800017 4077800412          1378.3909
4077800017 8820902350          2314.5307
4077800017 4073200757         2588.05942
4077800017 8820902700         2639.15043
4077800017 8820903370         2971.51317
2826049098 8901001185         3013.71435
2826049098 9455200329         2824.81879
2826049098 1566100130         2103.69377
2826049098 8901001335           2517.874
2826049098 5101407250         2778.50217
2826049098 2568800290          1068.6207
2826049098 8902000267         1747.44694
2826049098 0751000080         2025.72298
2826049098 2568300210         1730.25719
2826049098 0751000060            2181.32
0751000080 8902000267         2712.11701
0751000080 8822901024         2702.66881
0751000080 2568800290         2533.74227
0751000080 8820903370         2432.97512
0751000080 9455200329         2511.07078
0751000080 0751000060         218.859899
0751000080 3992700048         1623.74441
0751000080 3992700326         1700.75305
0751000080 2826049098         2025.72298
0751000080 4077800412         2396.14709
0751000060 8820901275           2736.666
0751000060 8902000267         2732.62874
0751000060 8822901024         2500.12297
0751000060 8820903370         2262.96598
0751000060 9455200329          2703.9511
0751000060 0751000080         218.859899
0751000060 3992700048         1407.80556
0751000060 3992700326         1506.60514
0751000060 2826049098            2181.32
0751000060 4077800412         2487.67514
2568300210 8024201210         3114.69948
2568300210 8902000267         2674.15395
2568300210 5101402482         2207.75428
2568300210 5101407250         1901.26277
2568300210 5101405604         2466.65548
2568300210 5652601425         2188.59779
2568300210 1566100130         600.004838
2568300210 2568800290         1551.62511
2568300210 2826049098         1730.25719
2568300210 8024201870         2321.99387
2568800290 5652601425         3045.22621
2568800290 0751000060          2736.7129
2568800290 8902000267         2785.75197
2568800290 9455200329         2220.84541
2568800290 0751000080         2533.74227
2568800290 2826049098          1068.6207
2568800290 1566100130         1599.66867
2568800290 0130000175         2155.64217
2568800290 2568300210         1551.62511
2568800290 9455200445         2291.65316
8902000267 8822901024         3171.77735
8902000267 2826049160         2900.46604
8902000267 0751000080         2712.11701
8902000267 5101407250         2375.51738
8902000267 2568800290         2785.75197
8902000267 2826049098         1747.44694
8902000267 2568300210         2674.15395
8902000267 8901001335          808.26646
8902000267 8901001185          1270.3441
8902000267 0751000060         2732.62874
5101407250 2826049098         2778.50217
5101407250 8901001185         2707.94189
5101407250 8901001335         2309.87839
5101407250 1566100130         2387.86054
5101407250 8024200350         2451.37844
5101407250 5101405604         988.307921
5101407250 8902000267         2375.51738
5101407250 2568300210         1901.26277
5101407250 8024201870         1574.53819
5101407250 8024201210         2170.35473
8901001335 8822901024         3392.69874
8901001335 5101405604         3205.84004
8901001335 3448000410           3141.172
8901001335 2826049108         2743.80895
8901001335 2568300210         3149.05352
8901001335 2826049098           2517.874
8901001335 8902000267          808.26646
8901001335 5101407250         2309.87839
8901001335 8901001185         534.296834
8901001335 2826049160         2350.18271
5101405604 1566100130          2795.8702
5101405604 2568300210         2466.65548
5101405604 5101404898         2653.36075
5101405604 5101406522         2217.29044
5101405604 8024201210         1233.36537
5101405604 5101406536         2220.90075
5101405604 3226049184         2484.09399
5101405604 8024201870         874.352006
5101405604 8024200350         1469.62966
5101405604 5101407250         988.307921
8901001185 9259900025          3520.6331
8901001185 5272200040         3406.58479
8901001185 2826049098         3013.71435
8901001185 5101407250         2707.94189
8901001185 8822901024         3285.38531
8901001185 3448000410         2872.35705
8901001185 8902000267          1270.3441
8901001185 2826049108         2238.65275
8901001185 8901001335         534.296834
8901001185 2826049160          1840.3722
2926049086 9259900025         4470.96745
2926049086 1787600190         4412.83971
2926049086 4310700570         4378.59035
2926049086 6300500875         4143.95484
2926049086 3226049184         4340.80839
2926049086 3126049217         3141.28815
2926049086 9325800005         2709.09615
2926049086 6412600005         2941.90493
2926049086 2926049437         246.184345
2926049086 5272200040         3290.72857
5101406536 5100401411         3328.49511
5101406536 5101407250         3061.78805
5101406536 8024201210         1985.21124
5101406536 8024201870         2558.06482
5101406536 5102400025         2588.08661
5101406536 5101404898         1313.15875
5101406536 3226049184          534.31457
5101406536 8024200350         1183.73717
5101406536 5101406522         218.859814
5101406536 5101405604         2220.90075
2926049437 1787600190         4501.20749
2926049437 3226049184         4498.53552
2926049437 4310700570         4301.77107
2926049437 6300500875         4017.69297
2926049437 2291401425         4296.03345
2926049437 3126049217         3013.25314
2926049437 9325800005         2535.78197
2926049437 2926049086         246.184345
2926049437 6412600005         3033.18073
2926049437 5272200040         3530.61044
3226049184 5100401411         3793.56934
3226049184 5101407250         3217.73252
3226049184 8024200350         1671.66235
3226049184 8024201870         2949.40177
3226049184 5102400025         2995.37217
3226049184 5101406522         354.719553
3226049184 8024201210         2451.40582
3226049184 5101406536          534.31457
3226049184 5101404898         1804.23727
3226049184 5101405604         2484.09399
5101406522 5100401411         3546.79198
5101406522 5101407250         3011.82352
5101406522 5101404898         1532.01856
5101406522 8024201870         2625.81215
5101406522 5102400025         2798.53714
5101406522 3226049184         354.719553
5101406522 5101406536         218.859814
5101406522 8024200350         1317.77076
5101406522 8024201210         2102.38567
5101406522 5101405604         2217.29044
4310701421 3226049054         2684.67172
4310701421 3226049478         2673.68267
4310701421 3126049217         2065.77309
4310701421 0993000100         1985.07175
4310701421 6749700031          2065.2802
4310701421 3126049094         1086.10665
4310701421 4310700570         898.053133
4310701421 4340610080         1736.26174
4310701421 6300500875         1130.77566
4310701421 0263000040         1997.14028
6300500875 6145600041         3081.65321
6300500875 2291401425         2659.80042
6300500875 3126049094         2202.40707
6300500875 4340610080         2521.00622
6300500875 6749700031         2635.56416
6300500875 3126049217         1004.43984
6300500875 4310700570         964.472697
6300500875 0263000040         2451.41495
6300500875 4310701421         1130.77566
6300500875 6145600900         2530.48347
4310700570 6749700031         2935.25076
4310700570 0263000040         2835.62846
4310700570 3126049094         1852.13036
4310700570 4340610080         2633.51639
4310700570 3226049054         2639.30375
4310700570 3126049217         1515.67629
4310700570 0993000100           2528.834
4310700570 6300500875         964.472697
4310700570 4310701421         898.053133
4310700570 3226049478         2491.56977
0263000040 6145600041          2533.7735
0263000040 6300500875         2451.41495
0263000040 6145602240         2050.99484
0263000040 6145600900         2101.21787
0263000040 4310701421         1997.14028
0263000040 4340610080         763.662715
0263000040 2917200085         1469.65346
0263000040 6431500140          1967.7803
0263000040 6749700031         291.813033
0263000040 3126049094         1871.79524
3126049217 6145600041          3447.0586
3126049217 0263000040         3393.08305
3126049217 3126049094         3151.82871
3126049217 6145600900         2969.01979
3126049217 2926049086         3141.28815
3126049217 4310700570         1515.67629
3126049217 2291401425         2625.57666
3126049217 6300500875         1004.43984
3126049217 4310701421         2065.77309
3126049217 2926049437         3013.25314
0868000305 9268200585         4081.55618
0868000305 1139000072         3999.87824
0868000305 3654200037         3771.90964
0868000305 1862400285         3287.98185
0868000305 1862400541         3707.92252
0868000305 3626039028         3394.76159
0868000305 7586200061         3071.45446
0868000305 9144100206         2743.82712
0868000305 7611200195         3100.05928
0868000305 9144100007         2873.35284
8911000445 6140100150         2383.73002
8911000445 2917200085         2188.59835
8911000445 3626039028         1993.93759
8911000445 6145602240         1587.70358
8911000445 2291401425         1257.24289
8911000445 6145600041         701.226192
8911000445 7586200061         1952.52687
8911000445 3654200037         1412.29338
8911000445 1139000072         554.680816
8911000445 6145600900         1202.10234
7586200061 1862400285         3026.80737
7586200061 9268200585         2907.66122
7586200061 6145600041         1831.71451
7586200061 8911000445         1952.52687
7586200061 6145600900         2240.20466
7586200061 3626039028         381.815824
7586200061 6145602240         1265.25327
7586200061 1139000072         1821.27531
7586200061 3654200037         742.271929
7586200061 2917200085         1736.16986
9144100206 7586200061         3917.25726
9144100206 6638900405          2769.2272
9144100206 3300701615         2961.00632
9144100206 2776600082         2166.16488
9144100206 9268200585         2613.54444
9144100206 0868000305         2743.82712
9144100206 1862400541         1004.47119
9144100206 9144100007         492.501407
9144100206 6382500020         1976.75374
9144100206 1862400285         1540.99563
1139000072 2917200085         2493.05429
1139000072 6140100150         2129.92206
1139000072 3626039028         1967.73353
1139000072 6145602240         1840.37685
1139000072 2291401425         1723.44636
1139000072 6145600041         1173.53164
1139000072 7586200061         1821.27531
1139000072 3654200037         1479.69424
1139000072 8911000445         554.680816
1139000072 6145600900         1721.77316
4441300325 0546000865          5402.0935
4441300325 8081900195         5216.15549
4441300325 3300701615         4613.10666
4441300325 2267000486          1183.8396
